IGHV1-18*01 VH1-FR1_0 100 20  0 0 50  69  7 26  3.00E-08  40.1
IGHV1-18*02 VH1-FR1_0 100 20  0 0 50  69  7 26  3.00E-08  40.1
IGHV1-18*03 VH1-FR1_0 100 20  0 0 50  69  7 26  3.00E-08  40.1
IGHV1-2*01  VH1-FR1_0 100 20  0 0 50  69  7 26  3.00E-08  40.1
IGHV1-2*02  VH1-FR1_0 100 20  0 0 50  69  7 26  3.00E-08  40.1
IGHV1-2*03  VH1-FR1_0 100 20  0 0 50  69  7 26  3.00E-08  40.1
IGHV1-2*04  VH1-FR1_0 100 20  0 0 50  69  7 26  3.00E-08  40.1
IGHV1-2*05  VH1-FR1_0 100 20  0 0 50  69  7 26  3.00E-08  40.1
IGHV1-24*01 VH1-FR1_0 100 20  0 0 50  69  7 26  3.00E-08  40.1
IGHV1-3*01  VH1-FR1_0 95  20  1 0 50  69  7 26  7.00E-06  32.2
IGHV1-3*02  VH1-FR1_0 95  20  1 0 50  69  7 26  7.00E-06  32.2
IGHV1-45*01 VH1-FR1_0 95  20  1 0 50  69  7 26  7.00E-06  32.2
IGHV1-45*02 VH1-FR1_0 95  20  1 0 50  69  7 26  7.00E-06  32.2
IGHV1-45*03 VH1-FR1_0 95  20  1 0 16  35  7 26  6.00E-06  32.2
IGHV1-46*01 VH1-FR1_0 95  20  1 0 50  69  7 26  7.00E-06  32.2
IGHV1-46*02 VH1-FR1_0 95  20  1 0 50  69  7 26  7.00E-06  32.2
IGHV1-46*03 VH1-FR1_0 95  20  1 0 50  69  7 26  7.00E-06  32.2
IGHV1-58*01 VH1-FR1_0 100 20  0 0 50  69  7 26  3.00E-08  40.1
IGHV1-58*02 VH1-FR1_0 100 20  0 0 50  69  7 26  3.00E-08  40.1
IGHV1-68*01 VH1-FR1_0 100 20  0 0 50  69  7 26  3.00E-08  40.1
IGHV1-69*01 VH1-FR1_0 100 18  0 0 52  69  9 26  5.00E-07  36.2
IGHV1-69*02 VH1-FR1_0 100 18  0 0 52  69  9 26  5.00E-07  36.2
IGHV1-69*03 VH1-FR1_0 100 18  0 0 52  69  9 26  4.00E-07  36.2
IGHV1-69*04 VH1-FR1_0 100 18  0 0 52  69  9 26  5.00E-07  36.2
IGHV1-69*05 VH1-FR1_0 100 18  0 0 52  69  9 26  5.00E-07  36.2
IGHV1-69*06 VH1-FR1_0 100 18  0 0 52  69  9 26  5.00E-07  36.2
IGHV1-69*07 VH1-FR1_0 100 18  0 0 18  35  9 26  4.00E-07  36.2
IGHV1-69*08 VH1-FR1_0 100 18  0 0 52  69  9 26  5.00E-07  36.2
IGHV1-69*09 VH1-FR1_0 100 18  0 0 52  69  9 26  5.00E-07  36.2
IGHV1-69*10 VH1-FR1_0 100 20  0 0 50  69  7 26  3.00E-08  40.1
IGHV1-69*11 VH1-FR1_0 100 18  0 0 52  69  9 26  5.00E-07  36.2
IGHV1-69*12 VH1-FR1_0 100 18  0 0 52  69  9 26  5.00E-07  36.2
IGHV1-69*13 VH1-FR1_0 100 20  0 0 50  69  7 26  3.00E-08  40.1
IGHV1-8*01  VH1-FR1_0 100 20  0 0 50  69  7 26  3.00E-08  40.1
IGHV1-8*02  VH1-FR1_0 100 20  0 0 50  69  7 26  3.00E-08  40.1
IGHV1-C*01  VH1-FR1_0 93.75 16  1 0 50  65  7 22  0.002 24.3
IGHV1-F*01  VH1-FR1_0 90  20  2 0 50  69  7 26  0.002 24.3
IGHV1-F*02  VH1-FR1_0 90  20  2 0 16  35  7 26  0.001 24.3
IGHV1-NL1*01  VH1-FR1_0 100 17  0 0 50  66  7 23  2.00E-06  34.2
IGHV1/OR15-1*01 VH1-FR1_0 100 20  0 0 50  69  7 26  3.00E-08  40.1
IGHV1/OR15-1*02 VH1-FR1_0 100 20  0 0 50  69  7 26  3.00E-08  40.1
IGHV1/OR15-1*03 VH1-FR1_0 100 20  0 0 50  69  7 26  3.00E-08  40.1
IGHV1/OR15-1*04 VH1-FR1_0 100 20  0 0 50  69  7 26  3.00E-08  40.1
IGHV1/OR15-2*01 VH1-FR1_0 100 20  0 0 50  69  7 26  3.00E-08  40.1
IGHV1/OR15-2*02 VH1-FR1_0 100 20  0 0 50  69  7 26  3.00E-08  40.1
IGHV1/OR15-2*03 VH1-FR1_0 100 20  0 0 50  69  7 26  3.00E-08  40.1
IGHV1/OR15-3*01 VH1-FR1_0 100 20  0 0 50  69  7 26  3.00E-08  40.1
IGHV1/OR15-3*02 VH1-FR1_0 100 20  0 0 50  69  7 26  3.00E-08  40.1
IGHV1/OR15-3*03 VH1-FR1_0 100 20  0 0 50  69  7 26  3.00E-08  40.1
IGHV1/OR15-4*01 VH1-FR1_0 95  20  1 0 50  69  7 26  7.00E-06  32.2
IGHV1/OR15-5*01 VH1-FR1_0 100 20  0 0 16  35  7 26  3.00E-08  40.1
IGHV1/OR15-5*02 VH1-FR1_0 100 20  0 0 50  69  7 26  3.00E-08  40.1
IGHV1/OR15-9*01 VH1-FR1_0 90  20  2 0 50  69  7 26  0.002 24.3
IGHV1/OR21-1*01 VH1-FR1_0 100 20  0 0 50  69  7 26  3.00E-08  40.1
IGHV2-10*01 VH2-FR1_0 92  25  2 0 18  42  1 25  2.00E-06  34.2
IGHV2-26*01 VH2-FR1_0 92  25  2 0 18  42  1 25  2.00E-06  34.2
IGHV2-5*01  VH2-FR1_0 100 25  0 0 18  42  1 25  3.00E-11  50.1
IGHV2-5*02  VH5-FR1_0 100 8 0 0 100 107 8 15  0.17  16.4
IGHV2-5*03  VH2-FR1_0 100 13  0 0 1 13  13  25  3.00E-04  26.3
IGHV2-5*04  VH2-FR1_0 100 25  0 0 18  42  1 25  3.00E-11  50.1
IGHV2-5*05  VH2-FR1_0 100 25  0 0 18  42  1 25  3.00E-11  50.1
IGHV2-5*06  VH2-FR1_0 96  25  1 0 18  42  1 25  8.00E-09  42.1
IGHV2-5*07  VH2-FR1_0 100 25  0 0 18  42  1 25  3.00E-11  50.1
IGHV2-5*08  VH2-FR1_0 96  25  1 0 18  42  1 25  8.00E-09  42.1
IGHV2-5*09  VH2-FR1_0 100 25  0 0 18  42  1 25  3.00E-11  50.1
IGHV2-5*10  VH2-FR1_0 100 25  0 0 18  42  1 25  3.00E-11  50.1
IGHV2-70*01 VH2-FR1_0 96  25  1 0 18  42  1 25  8.00E-09  42.1
IGHV2-70*02 VH2-FR1_0 96  25  1 0 18  42  1 25  7.00E-09  42.1
IGHV2-70*03 VH2-FR1_0 96  25  1 0 18  42  1 25  7.00E-09  42.1
IGHV2-70*04 VH2-FR1_0 96  25  1 0 18  42  1 25  7.00E-09  42.1
IGHV2-70*05 VH2-FR1_0 100 14  0 0 3 16  12  25  9.00E-05  28.2
IGHV2-70*06 VH2-FR1_0 96  25  1 0 18  42  1 25  7.00E-09  42.1
IGHV2-70*07 VH2-FR1_0 96  25  1 0 18  42  1 25  7.00E-09  42.1
IGHV2-70*08 VH2-FR1_0 96  25  1 0 18  42  1 25  7.00E-09  42.1
IGHV2-70*09 VH2-FR1_0 100 25  0 0 18  42  1 25  3.00E-11  50.1
IGHV2-70*10 VH2-FR1_0 96  25  1 0 18  42  1 25  8.00E-09  42.1
IGHV2-70*11 VH2-FR1_0 96  25  1 0 18  42  1 25  8.00E-09  42.1
IGHV2-70*12 VH2-FR1_0 100 25  0 0 18  42  1 25  3.00E-11  50.1
IGHV2-70*13 VH2-FR1_0 96  25  1 0 18  42  1 25  8.00E-09  42.1
IGHV2/OR16-5*01 VH2-FR1_0 96  25  1 0 18  42  1 25  8.00E-09  42.1
IGHV3-11*01 VH3-FR1_2 100 16  0 0 50  65  11  26  7.00E-06  32.2
IGHV3-11*03 VH3-FR1_2 100 16  0 0 50  65  11  26  7.00E-06  32.2
IGHV3-11*04 VH3-FR1_2 100 16  0 0 50  65  11  26  7.00E-06  32.2
IGHV3-11*05 VH3-FR1_2 100 16  0 0 50  65  11  26  7.00E-06  32.2
IGHV3-13*01 VH3-FR1_2 96.15 26  0 1 41  65  1 26  5.00E-07  36.2
IGHV3-13*02 VH3-FR1_2 100 16  0 0 50  65  11  26  7.00E-06  32.2
IGHV3-13*03 VH3-FR1_2 96.15 26  0 1 41  65  1 26  5.00E-07  36.2
IGHV3-13*04 VH3-FR1_2 96.15 26  0 1 41  65  1 26  5.00E-07  36.2
IGHV3-15*01 VH3-FR1_2 92.31 26  1 1 41  65  1 26  1.00E-04  28.2
IGHV3-15*02 VH3-FR1_2 92.31 26  1 1 41  65  1 26  1.00E-04  28.2
IGHV3-15*03 VH3-FR1_2 92.31 26  1 1 41  65  1 26  1.00E-04  28.2
IGHV3-15*04 VH3-FR1_2 92.31 26  1 1 41  65  1 26  1.00E-04  28.2
IGHV3-15*05 VH3-FR1_2 92.31 26  1 1 41  65  1 26  1.00E-04  28.2
IGHV3-15*06 VH3-FR1_2 92.31 26  1 1 41  65  1 26  1.00E-04  28.2
IGHV3-15*07 VH3-FR1_2 92.31 26  1 1 41  65  1 26  1.00E-04  28.2
IGHV3-15*08 VH3-FR1_2 92.31 26  1 1 41  65  1 26  1.00E-04  28.2
IGHV3-16*01 VH3-FR1_2 96.15 26  0 1 41  65  1 26  5.00E-07  36.2
IGHV3-16*02 VH3-FR1_2 96.15 26  0 1 41  65  1 26  5.00E-07  36.2
IGHV3-19*01 VH3-FR1_2 96.15 26  0 1 41  65  1 26  5.00E-07  36.2
IGHV3-20*01 VH3-FR1_2 96.15 26  0 1 41  65  1 26  5.00E-07  36.2
IGHV3-21*01 VH3-FR1_2 96.15 26  0 1 41  65  1 26  5.00E-07  36.2
IGHV3-21*02 VH3-FR1_2 96.15 26  0 1 41  65  1 26  5.00E-07  36.2
IGHV3-21*03 VH3-FR1_2 96.15 26  0 1 41  65  1 26  5.00E-07  36.2
IGHV3-21*04 VH3-FR1_2 96.15 26  0 1 41  65  1 26  5.00E-07  36.2
IGHV3-22*01 VH3-FR1_2 96.15 26  0 1 41  65  1 26  5.00E-07  36.2
IGHV3-22*02 VH3-FR1_2 96.15 26  0 1 41  65  1 26  5.00E-07  36.2
IGHV3-23*01 VH3-FR1_2 96.15 26  0 1 41  65  1 26  5.00E-07  36.2
IGHV3-23*02 VH3-FR1_2 96.15 26  0 1 41  65  1 26  5.00E-07  36.2
IGHV3-23*03 VH3-FR1_2 96.15 26  0 1 41  65  1 26  5.00E-07  36.2
IGHV3-23*04 VH3-FR1_2 96.15 26  0 1 41  65  1 26  5.00E-07  36.2
IGHV3-23*05 VH3-FR1_2 96.15 26  0 1 41  65  1 26  5.00E-07  36.2
IGHV3-25*01 VH3-FR1_2 100 12  0 0 54  65  15  26  0.002 24.3
IGHV3-25*02 VH3-FR1_2 100 12  0 0 54  65  15  26  0.002 24.3
IGHV3-25*03 VH3-FR1_2 100 12  0 0 54  65  15  26  0.002 24.3
IGHV3-25*04 VH3-FR1_2 92.31 26  1 1 41  65  1 26  1.00E-04  28.2
IGHV3-25*05 VH3-FR1_2 100 12  0 0 54  65  15  26  0.002 24.3
IGHV3-30-3*01 VH3-FR1_2 100 16  0 0 50  65  11  26  7.00E-06  32.2
IGHV3-30-3*02 VH3-FR1_2 100 16  0 0 50  65  11  26  7.00E-06  32.2
IGHV3-30*01 VH3-FR1_2 100 16  0 0 50  65  11  26  7.00E-06  32.2
IGHV3-30*02 VH3-FR1_2 96.15 26  0 1 41  65  1 26  5.00E-07  36.2
IGHV3-30*03 VH3-FR1_2 100 16  0 0 50  65  11  26  7.00E-06  32.2
IGHV3-30*04 VH3-FR1_2 100 16  0 0 50  65  11  26  7.00E-06  32.2
IGHV3-30*05 VH3-FR1_2 100 16  0 0 50  65  11  26  7.00E-06  32.2
IGHV3-30*06 VH3-FR1_2 100 16  0 0 50  65  11  26  7.00E-06  32.2
IGHV3-30*07 VH3-FR1_2 100 16  0 0 50  65  11  26  7.00E-06  32.2
IGHV3-30*08 VH3-FR1_2 100 16  0 0 50  65  11  26  7.00E-06  32.2
IGHV3-30*09 VH3-FR1_2 100 16  0 0 50  65  11  26  7.00E-06  32.2
IGHV3-30*10 VH3-FR1_2 100 16  0 0 50  65  11  26  7.00E-06  32.2
IGHV3-30*11 VH3-FR1_2 100 16  0 0 50  65  11  26  7.00E-06  32.2
IGHV3-30*12 VH3-FR1_2 100 16  0 0 50  65  11  26  7.00E-06  32.2
IGHV3-30*13 VH3-FR1_2 100 16  0 0 50  65  11  26  7.00E-06  32.2
IGHV3-30*14 VH3-FR1_2 100 16  0 0 50  65  11  26  7.00E-06  32.2
IGHV3-30*15 VH3-FR1_2 100 16  0 0 50  65  11  26  7.00E-06  32.2
IGHV3-30*16 VH3-FR1_2 100 16  0 0 50  65  11  26  7.00E-06  32.2
IGHV3-30*17 VH3-FR1_2 100 16  0 0 50  65  11  26  7.00E-06  32.2
IGHV3-30*18 VH3-FR1_2 100 16  0 0 50  65  11  26  7.00E-06  32.2
IGHV3-30*19 VH3-FR1_2 100 16  0 0 50  65  11  26  7.00E-06  32.2
IGHV3-32*01 VH3-FR1_2 100 15  0 0 51  65  12  26  3.00E-05  30.2
IGHV3-32*01 VH3-FR1_2 100 8 0 0 30  37  12  19  0.43  16.4
IGHV3-33*01 VH3-FR1_2 100 16  0 0 50  65  11  26  7.00E-06  32.2
IGHV3-33*02 VH3-FR1_2 100 16  0 0 50  65  11  26  7.00E-06  32.2
IGHV3-33*03 VH3-FR1_2 100 16  0 0 50  65  11  26  7.00E-06  32.2
IGHV3-33*04 VH3-FR1_2 100 16  0 0 50  65  11  26  7.00E-06  32.2
IGHV3-33*05 VH3-FR1_2 100 16  0 0 50  65  11  26  7.00E-06  32.2
IGHV3-33*06 VH3-FR1_2 100 16  0 0 50  65  11  26  7.00E-06  32.2
IGHV3-35*01 VH3-FR1_2 91.3  23  2 0 43  65  4 26  3.00E-05  30.2
IGHV3-38*01 VH3-FR1_2 95.65 23  0 1 44  65  4 26  3.00E-05  30.2
IGHV3-38*02 VH3-FR1_2 95.65 23  0 1 44  65  4 26  3.00E-05  30.2
IGHV3-43*01 VH3-FR1_2 96.15 26  0 1 41  65  1 26  5.00E-07  36.2
IGHV3-43*02 VH3-FR1_2 96.15 26  0 1 41  65  1 26  5.00E-07  36.2
IGHV3-47*01 VH3-FR1_2 100 12  0 0 41  52  1 12  0.002 24.3
IGHV3-47*02 VH3-FR1_2 92.31 26  1 1 41  65  1 26  1.00E-04  28.2
IGHV3-47*03 VH3-FR1_2 92.31 26  1 1 41  65  1 26  1.00E-04  28.2
IGHV3-48*01 VH3-FR1_2 96.15 26  0 1 41  65  1 26  5.00E-07  36.2
IGHV3-48*02 VH3-FR1_2 96.15 26  0 1 41  65  1 26  5.00E-07  36.2
IGHV3-48*03 VH3-FR1_2 100 16  0 0 50  65  11  26  7.00E-06  32.2
IGHV3-48*04 VH3-FR1_2 96.15 26  0 1 41  65  1 26  5.00E-07  36.2
IGHV3-49*01 VH3-FR1_2 100 16  0 0 50  65  11  26  7.00E-06  32.2
IGHV3-49*02 VH3-FR1_2 100 16  0 0 50  65  11  26  7.00E-06  32.2
IGHV3-49*03 VH3-FR1_2 100 16  0 0 50  65  11  26  7.00E-06  32.2
IGHV3-49*04 VH3-FR1_2 100 16  0 0 50  65  11  26  7.00E-06  32.2
IGHV3-49*05 VH3-FR1_2 100 16  0 0 50  65  11  26  7.00E-06  32.2
IGHV3-52*01 VH3-FR1_2 100 16  0 0 50  65  11  26  7.00E-06  32.2
IGHV3-52*02 VH3-FR1_2 100 16  0 0 50  65  11  26  7.00E-06  32.2
IGHV3-52*03 VH3-FR1_2 100 16  0 0 50  65  11  26  7.00E-06  32.2
IGHV3-53*01 VH3-FR1_2 96.15 26  0 1 41  65  1 26  5.00E-07  36.2
IGHV3-53*02 VH3-FR1_2 96.15 26  0 1 41  65  1 26  5.00E-07  36.2
IGHV3-53*03 VH3-FR1_2 96.15 26  0 1 41  65  1 26  5.00E-07  36.2
IGHV3-53*04 VH3-FR1_2 96.15 26  0 1 41  65  1 26  5.00E-07  36.2
IGHV3-54*01 VH3-FR1_2 91.3  23  2 0 43  65  4 26  3.00E-05  30.3
IGHV3-54*02 VH3-FR1_2 91.3  23  2 0 43  65  4 26  3.00E-05  30.2
IGHV3-54*04 VH3-FR1_2 91.3  23  2 0 43  65  4 26  3.00E-05  30.2
IGHV3-62*01 VH3-FR1_2 96.15 26  0 1 41  65  1 26  5.00E-07  36.2
IGHV3-63*01 VH3-FR1_2 100 15  0 0 51  65  12  26  3.00E-05  30.2
IGHV3-63*01 VH3-FR1_2 100 9 0 0 114 122 14  22  0.11  18.3
IGHV3-63*01 VH3-FR1_2 100 8 0 0 30  37  12  19  0.43  16.4
IGHV3-63*02 VH3-FR1_2 100 15  0 0 51  65  12  26  3.00E-05  30.2
IGHV3-63*02 VH3-FR1_2 100 9 0 0 114 122 14  22  0.11  18.3
IGHV3-63*02 VH3-FR1_2 100 8 0 0 30  37  12  19  0.43  16.4
IGHV3-64*01 VH3-FR1_2 96.15 26  0 1 41  65  1 26  5.00E-07  36.2
IGHV3-64*02 VH3-FR1_2 96.15 26  0 1 41  65  1 26  5.00E-07  36.2
IGHV3-64*03 VH3-FR1_2 96.15 26  0 1 41  65  1 26  5.00E-07  36.2
IGHV3-64*04 VH3-FR1_2 96.15 26  0 1 41  65  1 26  5.00E-07  36.2
IGHV3-64*05 VH3-FR1_2 96.15 26  0 1 41  65  1 26  5.00E-07  36.2
IGHV3-66*01 VH3-FR1_2 96.15 26  0 1 41  65  1 26  5.00E-07  36.2
IGHV3-66*02 VH3-FR1_2 96.15 26  0 1 41  65  1 26  5.00E-07  36.2
IGHV3-66*03 VH3-FR1_2 96.15 26  0 1 41  65  1 26  5.00E-07  36.2
IGHV3-66*04 VH3-FR1_2 96.15 26  0 1 41  65  1 26  5.00E-07  36.2
IGHV3-7*01  VH3-FR1_2 96.15 26  0 1 41  65  1 26  5.00E-07  36.2
IGHV3-7*02  VH3-FR1_2 96.15 26  0 1 41  65  1 26  5.00E-07  36.2
IGHV3-7*03  VH3-FR1_2 96.15 26  0 1 41  65  1 26  5.00E-07  36.2
IGHV3-71*01 VH3-FR1_2 96.15 26  0 1 41  65  1 26  5.00E-07  36.2
IGHV3-71*02 VH3-FR1_2 96.15 26  0 1 41  65  1 26  5.00E-07  36.2
IGHV3-71*03 VH3-FR1_2 96.15 26  0 1 41  65  1 26  5.00E-07  36.2
IGHV3-72*01 VH3-FR1_2 100 16  0 0 50  65  11  26  7.00E-06  32.2
IGHV3-72*02 VH1-FR1_0 91.67 12  1 0 38  49  4 15  0.24  16.4
IGHV3-73*01 VH3-FR1_2 92.31 26  1 1 41  65  1 26  1.00E-04  28.2
IGHV3-73*02 VH3-FR1_2 92.31 26  1 1 41  65  1 26  1.00E-04  28.2
IGHV3-74*01 VH3-FR1_2 96.15 26  0 1 41  65  1 26  5.00E-07  36.2
IGHV3-74*02 VH3-FR1_2 96.15 26  0 1 41  65  1 26  5.00E-07  36.2
IGHV3-74*03 VH3-FR1_2 96.15 26  0 1 41  65  1 26  5.00E-07  36.2
IGHV3-9*01  VH3-FR1_2 100 16  0 0 50  65  11  26  7.00E-06  32.2
IGHV3-9*02  VH3-FR1_2 100 16  0 0 50  65  11  26  7.00E-06  32.2
IGHV3-D*01  VH3-FR1_2 96.15 26  0 1 41  65  1 26  5.00E-07  36.2
IGHV3-H*01  VH3-FR1_2 96.15 26  0 1 41  65  1 26  5.00E-07  36.2
IGHV3-H*02  VH3-FR1_2 96.15 26  0 1 41  65  1 26  5.00E-07  36.2
IGHV3-NL1*01  VH3-FR1_2 96.15 26  0 1 41  65  1 26  5.00E-07  36.2
IGHV3/OR15-7*01 VH3-FR1_2 90  20  2 0 43  62  4 23  0.002 24.3
IGHV3/OR15-7*02 VH3-FR1_2 90  20  2 0 43  62  4 23  0.002 24.3
IGHV3/OR15-7*03 VH3-FR1_2 90  20  2 0 43  62  4 23  0.002 24.3
IGHV3/OR15-7*05 VH3-FR1_2 90  20  2 0 43  62  4 23  0.002 24.3
IGHV3/OR16-10*01  VH3-FR1_2 96.15 26  0 1 41  65  1 26  5.00E-07  36.2
IGHV3/OR16-10*02  VH3-FR1_2 96.15 26  0 1 41  65  1 26  5.00E-07  36.2
IGHV3/OR16-10*03  VH3-FR1_2 96.15 26  0 1 41  65  1 26  5.00E-07  36.2
IGHV3/OR16-12*01  VH3-FR1_2 100 9 0 0 41  49  1 9 0.11  18.3
IGHV3/OR16-13*01  VH3-FR1_2 100 16  0 0 50  65  11  26  7.00E-06  32.2
IGHV3/OR16-14*01  VH3-FR1_2 100 16  0 0 50  65  11  26  7.00E-06  32.2
IGHV3/OR16-15*01  VH3-FR1_2 96.15 26  0 1 41  65  1 26  5.00E-07  36.2
IGHV3/OR16-15*02  VH3-FR1_2 92.31 26  1 1 41  65  1 26  1.00E-04  28.2
IGHV3/OR16-16*01  VH3-FR1_2 92.31 26  1 1 41  65  1 26  1.00E-04  28.2
IGHV3/OR16-6*02 VH3-FR1_2 91.3  23  1 1 44  65  4 26  0.007 22.3
IGHV3/OR16-8*01 VH3-FR1_2 92.31 26  1 1 41  65  1 26  1.00E-04  28.2
IGHV3/OR16-8*02 VH3-FR1_2 92.31 26  1 1 41  65  1 26  1.00E-04  28.2
IGHV3/OR16-9*01 VH3-FR1_2 96.15 26  0 1 41  65  1 26  5.00E-07  36.2
IGHV4-28*01 VH4-FR1_2 96  25  1 0 41  65  1 25  8.00E-09  42.1
IGHV4-28*01 VH4-FR1_2 100 8 0 0 186 193 14  21  0.43  16.4
IGHV4-28*02 VH4-FR1_2 92  25  2 0 41  65  1 25  2.00E-06  34.2
IGHV4-28*02 VH4-FR1_2 100 8 0 0 186 193 14  21  0.43  16.4
IGHV4-28*03 VH4-FR1_2 96  25  1 0 41  65  1 25  8.00E-09  42.1
IGHV4-28*03 VH4-FR1_2 100 8 0 0 186 193 14  21  0.43  16.4
IGHV4-28*04 VH4-FR1_2 96  25  1 0 41  65  1 25  7.00E-09  42.1
IGHV4-28*04 VH4-FR1_2 100 8 0 0 186 193 14  21  0.43  16.4
IGHV4-28*05 VH4-FR1_2 96  25  1 0 41  65  1 25  7.00E-09  42.1
IGHV4-28*05 VH4-FR1_2 100 8 0 0 186 193 14  21  0.42  16.4
IGHV4-28*06 VH4-FR1_2 96  25  1 0 41  65  1 25  8.00E-09  42.1
IGHV4-28*06 VH4-FR1_2 100 8 0 0 186 193 14  21  0.43  16.4
IGHV4-30-2*01 VH4-FR1_2 92  25  2 0 41  65  1 25  2.00E-06  34.2
IGHV4-30-2*01 VH4-FR1_2 100 8 0 0 189 196 14  21  0.44  16.4
IGHV4-30-2*02 VH4-FR1_2 92  25  2 0 41  65  1 25  2.00E-06  34.2
IGHV4-30-2*02 VH4-FR1_2 100 8 0 0 189 196 14  21  0.43  16.4
IGHV4-30-2*03 VH4-FR1_2 92  25  2 0 41  65  1 25  2.00E-06  34.2
IGHV4-30-2*03 VH4-FR1_2 100 8 0 0 189 196 14  21  0.44  16.4
IGHV4-30-2*04 VH4-FR1_2 100 8 0 0 117 124 14  21  0.33  16.4
IGHV4-30-2*05 VH4-FR1_2 92  25  2 0 41  65  1 25  2.00E-06  34.2
IGHV4-30-2*05 VH4-FR1_2 100 8 0 0 189 196 14  21  0.44  16.4
IGHV4-30-4*01 VH4-FR1_2 92  25  2 0 41  65  1 25  2.00E-06  34.2
IGHV4-30-4*01 VH4-FR1_2 100 8 0 0 189 196 14  21  0.44  16.4
IGHV4-30-4*02 VH4-FR1_2 96  25  1 0 41  65  1 25  8.00E-09  42.1
IGHV4-30-4*02 VH4-FR1_2 100 8 0 0 189 196 14  21  0.44  16.4
IGHV4-30-4*03 VH4-FR1_2 92  25  2 0 41  65  1 25  2.00E-06  34.2
IGHV4-30-4*03 VH4-FR1_2 100 8 0 0 189 196 14  21  0.42  16.4
IGHV4-30-4*04 VH4-FR1_2 92  25  2 0 41  65  1 25  2.00E-06  34.2
IGHV4-30-4*04 VH4-FR1_2 100 8 0 0 189 196 14  21  0.42  16.4
IGHV4-30-4*05 VH4-FR1_2 100 8 0 0 118 125 14  21  0.33  16.4
IGHV4-30-4*06 VH4-FR1_2 100 8 0 0 117 124 14  21  0.33  16.4
IGHV4-31*01 VH4-FR1_2 92  25  2 0 41  65  1 25  2.00E-06  34.2
IGHV4-31*01 VH4-FR1_2 100 8 0 0 189 196 14  21  0.44  16.4
IGHV4-31*02 VH4-FR1_2 92  25  2 0 41  65  1 25  2.00E-06  34.2
IGHV4-31*02 VH4-FR1_2 100 8 0 0 189 196 14  21  0.44  16.4
IGHV4-31*03 VH4-FR1_2 92  25  2 0 41  65  1 25  2.00E-06  34.2
IGHV4-31*03 VH4-FR1_2 100 8 0 0 189 196 14  21  0.44  16.4
IGHV4-31*04 VH4-FR1_2 92  25  2 0 41  65  1 25  2.00E-06  34.2
IGHV4-31*04 VH4-FR1_2 100 8 0 0 189 196 14  21  0.43  16.4
IGHV4-31*05 VH4-FR1_2 92  25  2 0 41  65  1 25  2.00E-06  34.2
IGHV4-31*05 VH4-FR1_2 100 8 0 0 189 196 14  21  0.42  16.4
IGHV4-31*06 VH4-FR1_2 92  25  2 0 41  65  1 25  2.00E-06  34.2
IGHV4-31*06 VH4-FR1_2 100 8 0 0 189 196 14  21  0.42  16.4
IGHV4-31*07 VH4-FR1_2 92  25  2 0 41  65  1 25  2.00E-06  34.2
IGHV4-31*07 VH4-FR1_2 100 8 0 0 189 196 14  21  0.42  16.4
IGHV4-31*08 VH4-FR1_2 92  25  2 0 41  65  1 25  2.00E-06  34.2
IGHV4-31*08 VH4-FR1_2 100 8 0 0 189 196 14  21  0.42  16.4
IGHV4-31*09 VH4-FR1_2 92  25  2 0 41  65  1 25  2.00E-06  34.2
IGHV4-31*09 VH4-FR1_2 100 8 0 0 189 196 14  21  0.42  16.4
IGHV4-31*10 VH4-FR1_2 92  25  2 0 41  65  1 25  2.00E-06  34.2
IGHV4-31*10 VH4-FR1_2 100 8 0 0 189 196 14  21  0.44  16.4
IGHV4-34*01 VH4-FR1_2 100 25  0 0 41  65  1 25  3.00E-11  50.1
IGHV4-34*01 VH4-FR1_2 100 8 0 0 183 190 14  21  0.43  16.4
IGHV4-34*02 VH4-FR1_2 100 25  0 0 41  65  1 25  3.00E-11  50.1
IGHV4-34*02 VH4-FR1_2 100 8 0 0 183 190 14  21  0.43  16.4
IGHV4-34*03 VH4-FR1_2 100 25  0 0 41  65  1 25  3.00E-11  50.1
IGHV4-34*03 VH4-FR1_2 100 8 0 0 183 190 14  21  0.41  16.4
IGHV4-34*04 VH4-FR1_2 100 25  0 0 41  65  1 25  3.00E-11  50.1
IGHV4-34*04 VH4-FR1_2 100 8 0 0 183 190 14  21  0.43  16.4
IGHV4-34*05 VH4-FR1_2 100 25  0 0 41  65  1 25  3.00E-11  50.1
IGHV4-34*05 VH4-FR1_2 100 8 0 0 183 190 14  21  0.43  16.4
IGHV4-34*06 VH4-FR1_2 100 25  0 0 41  65  1 25  3.00E-11  50.1
IGHV4-34*06 VH4-FR1_2 100 8 0 0 183 190 14  21  0.41  16.4
IGHV4-34*07 VH4-FR1_2 100 25  0 0 41  65  1 25  3.00E-11  50.1
IGHV4-34*07 VH4-FR1_2 100 8 0 0 183 190 14  21  0.41  16.4
IGHV4-34*08 VH4-FR1_2 100 25  0 0 41  65  1 25  3.00E-11  50.1
IGHV4-34*08 VH4-FR1_2 100 8 0 0 183 190 14  21  0.42  16.4
IGHV4-34*09 VH4-FR1_2 92  25  2 0 41  65  1 25  2.00E-06  34.2
IGHV4-34*09 VH4-FR1_2 100 8 0 0 183 190 14  21  0.43  16.4
IGHV4-34*10 VH4-FR1_2 100 25  0 0 41  65  1 25  3.00E-11  50.1
IGHV4-34*10 VH4-FR1_2 100 8 0 0 183 190 14  21  0.43  16.4
IGHV4-34*11 VH4-FR1_2 100 25  0 0 41  65  1 25  3.00E-11  50.1
IGHV4-34*12 VH4-FR1_2 100 25  0 0 41  65  1 25  3.00E-11  50.1
IGHV4-34*12 VH4-FR1_2 100 8 0 0 183 190 14  21  0.42  16.4
IGHV4-39*01 VH4-FR1_2 100 25  0 0 41  65  1 25  3.00E-11  50.1
IGHV4-39*01 VH4-FR1_2 100 8 0 0 189 196 14  21  0.44  16.4
IGHV4-39*02 VH4-FR1_2 100 25  0 0 41  65  1 25  3.00E-11  50.1
IGHV4-39*02 VH4-FR1_2 100 8 0 0 189 196 14  21  0.44  16.4
IGHV4-39*03 VH4-FR1_2 100 25  0 0 41  65  1 25  3.00E-11  50.1
IGHV4-39*03 VH4-FR1_2 100 8 0 0 189 196 14  21  0.42  16.4
IGHV4-39*04 VH4-FR1_2 100 8 0 0 110 117 14  21  0.28  16.4
IGHV4-39*05 VH4-FR1_2 96  25  1 0 41  65  1 25  7.00E-09  42.1
IGHV4-39*05 VH4-FR1_2 100 8 0 0 189 196 14  21  0.43  16.4
IGHV4-39*06 VH4-FR1_2 100 25  0 0 41  65  1 25  3.00E-11  50.1
IGHV4-39*06 VH4-FR1_2 100 8 0 0 189 196 14  21  0.44  16.4
IGHV4-39*07 VH4-FR1_2 100 25  0 0 41  65  1 25  3.00E-11  50.1
IGHV4-39*07 VH4-FR1_2 100 8 0 0 189 196 14  21  0.44  16.4
IGHV4-4*01  VH4-FR1_2 100 18  0 0 48  65  8 25  5.00E-07  36.2
IGHV4-4*01  VH4-FR1_2 100 8 0 0 186 193 14  21  0.43  16.4
IGHV4-4*02  VH4-FR1_2 96  25  1 0 41  65  1 25  8.00E-09  42.1
IGHV4-4*02  VH4-FR1_2 100 8 0 0 186 193 14  21  0.43  16.4
IGHV4-4*03  VH4-FR1_2 100 18  0 0 48  65  8 25  5.00E-07  36.2
IGHV4-4*03  VH4-FR1_2 100 8 0 0 186 193 14  21  0.42  16.4
IGHV4-4*04  VH4-FR1_2 100 18  0 0 48  65  8 25  5.00E-07  36.2
IGHV4-4*04  VH4-FR1_2 100 8 0 0 186 193 14  21  0.42  16.4
IGHV4-4*05  VH4-FR1_2 100 18  0 0 48  65  8 25  5.00E-07  36.2
IGHV4-4*05  VH4-FR1_2 100 8 0 0 186 193 14  21  0.42  16.4
IGHV4-4*06  VH4-FR1_2 100 8 0 0 114 121 14  21  0.32  16.4
IGHV4-4*07  VH4-FR1_2 100 25  0 0 41  65  1 25  3.00E-11  50.1
IGHV4-55*01 VH4-FR1_2 100 21  0 0 41  61  1 21  8.00E-09  42.1
IGHV4-55*01 VH4-FR1_2 100 8 0 0 186 193 14  21  0.43  16.4
IGHV4-55*02 VH4-FR1_2 100 21  0 0 41  61  1 21  8.00E-09  42.1
IGHV4-55*02 VH4-FR1_2 100 8 0 0 186 193 14  21  0.43  16.4
IGHV4-55*03 VH4-FR1_2 100 21  0 0 41  61  1 21  7.00E-09  42.1
IGHV4-55*03 VH4-FR1_2 100 8 0 0 186 193 14  21  0.42  16.4
IGHV4-55*04 VH4-FR1_2 100 20  0 0 42  61  2 21  3.00E-08  40.1
IGHV4-55*04 VH4-FR1_2 100 8 0 0 186 193 14  21  0.42  16.4
IGHV4-55*05 VH4-FR1_2 100 20  0 0 42  61  2 21  3.00E-08  40.1
IGHV4-55*05 VH4-FR1_2 100 8 0 0 186 193 14  21  0.42  16.4
IGHV4-55*06 VH4-FR1_2 100 21  0 0 41  61  1 21  7.00E-09  42.1
IGHV4-55*06 VH4-FR1_2 100 8 0 0 186 193 14  21  0.42  16.4
IGHV4-55*07 VH4-FR1_2 100 21  0 0 41  61  1 21  7.00E-09  42.1
IGHV4-55*07 VH4-FR1_2 100 8 0 0 186 193 14  21  0.42  16.4
IGHV4-55*08 VH4-FR1_2 100 21  0 0 41  61  1 21  8.00E-09  42.1
IGHV4-55*08 VH4-FR1_2 100 8 0 0 186 193 14  21  0.43  16.4
IGHV4-55*09 VH4-FR1_2 100 21  0 0 41  61  1 21  8.00E-09  42.1
IGHV4-55*09 VH4-FR1_2 100 8 0 0 186 193 14  21  0.43  16.4
IGHV4-59*01 VH4-FR1_2 100 25  0 0 41  65  1 25  3.00E-11  50.1
IGHV4-59*02 VH4-FR1_2 100 25  0 0 41  65  1 25  3.00E-11  50.1
IGHV4-59*03 VH4-FR1_2 100 25  0 0 41  65  1 25  3.00E-11  50.1
IGHV4-59*04 VH4-FR1_2 100 25  0 0 41  65  1 25  3.00E-11  50.1
IGHV4-59*04 VH4-FR1_2 100 8 0 0 183 190 14  21  0.42  16.4
IGHV4-59*05 VH4-FR1_2 100 25  0 0 41  65  1 25  3.00E-11  50.1
IGHV4-59*05 VH4-FR1_2 100 8 0 0 183 190 14  21  0.42  16.4
IGHV4-59*06 VH4-FR1_2 100 25  0 0 41  65  1 25  3.00E-11  50.1
IGHV4-59*06 VH4-FR1_2 100 8 0 0 183 190 14  21  0.42  16.4
IGHV4-59*07 VH4-FR1_2 96  25  1 0 41  65  1 25  7.00E-09  42.1
IGHV4-59*08 VH4-FR1_2 100 25  0 0 41  65  1 25  3.00E-11  50.1
IGHV4-59*10 VH4-FR1_2 100 25  0 0 41  65  1 25  3.00E-11  50.1
IGHV4-61*01 VH4-FR1_2 100 25  0 0 41  65  1 25  3.00E-11  50.1
IGHV4-61*02 VH4-FR1_2 92  25  2 0 41  65  1 25  2.00E-06  34.2
IGHV4-61*03 VH4-FR1_2 100 25  0 0 41  65  1 25  3.00E-11  50.1
IGHV4-61*04 VH4-FR1_2 100 25  0 0 41  65  1 25  3.00E-11  50.1
IGHV4-61*05 VH4-FR1_2 100 25  0 0 41  65  1 25  3.00E-11  50.1
IGHV4-61*08 VH4-FR1_2 100 25  0 0 41  65  1 25  3.00E-11  50.1
IGHV4-B*01  VH4-FR1_2 100 25  0 0 41  65  1 25  3.00E-11  50.1
IGHV4-B*01  VH4-FR1_2 100 8 0 0 186 193 14  21  0.43  16.4
IGHV4-B*02  VH4-FR1_2 100 25  0 0 41  65  1 25  3.00E-11  50.1
IGHV4-B*02  VH4-FR1_2 100 8 0 0 186 193 14  21  0.43  16.4
IGHV4/OR15-8*01 VH4-FR1_2 100 25  0 0 41  65  1 25  3.00E-11  50.1
IGHV4/OR15-8*01 VH4-FR1_2 100 8 0 0 186 193 14  21  0.43  16.4
IGHV4/OR15-8*02 VH4-FR1_2 100 25  0 0 41  65  1 25  3.00E-11  50.1
IGHV4/OR15-8*02 VH4-FR1_2 100 8 0 0 186 193 14  21  0.43  16.4
IGHV4/OR15-8*03 VH4-FR1_2 100 25  0 0 41  65  1 25  3.00E-11  50.1
IGHV5-51*01 VH5-FR1_0 96  25  1 0 42  66  1 25  8.00E-09  42.1
IGHV5-51*02 VH5-FR1_0 96  25  1 0 42  66  1 25  8.00E-09  42.1
IGHV5-51*03 VH5-FR1_0 95.83 24  1 0 43  66  2 25  3.00E-08  40.1
IGHV5-51*04 VH5-FR1_0 95.83 24  1 0 43  66  2 25  3.00E-08  40.1
IGHV5-51*05 VH5-FR1_0 96  25  1 0 8 32  1 25  6.00E-09  42.1
IGHV5-78*01 VH5-FR1_0 92  25  2 0 42  66  1 25  2.00E-06  34.2
IGHV5-A*01  VH5-FR1_0 92  25  2 0 42  66  1 25  2.00E-06  34.2
IGHV5-A*02  VH5-FR1_0 92  25  2 0 42  66  1 25  2.00E-06  34.2
IGHV5-A*03  VH5-FR1_0 92  25  2 0 42  66  1 25  2.00E-06  34.2
IGHV5-A*04  VH5-FR1_0 92  25  2 0 42  66  1 25  2.00E-06  34.2
IGHV6-1*01  VH6-FR1_1 100 25  0 0 43  67  1 25  3.00E-11  50.1
IGHV6-1*02  VH6-FR1_1 100 25  0 0 43  67  1 25  3.00E-11  50.1
IGHV7-34-1*02 VH1-FR1_0 100 15  0 0 47  61  7 21  3.00E-05  30.2
IGHV7-4-1*01  VH1-FR1_0 95  20  1 0 50  69  7 26  7.00E-06  32.2
IGHV7-4-1*02  VH1-FR1_0 95  20  1 0 50  69  7 26  7.00E-06  32.2
IGHV7-4-1*03  VH1-FR1_0 95  20  1 0 50  69  7 26  7.00E-06  32.2
IGHV7-4-1*04  VH1-FR1_0 95  20  1 0 50  69  7 26  7.00E-06  32.2
IGHV7-4-1*05  VH1-FR1_0 95  20  1 0 50  69  7 26  7.00E-06  32.2
IGHV7-40*03 VH1-FR1_0 100 15  0 0 47  61  7 21  3.00E-05  30.2
IGHV7-81*01 VH1-FR1_0 100 20  0 0 50  69  7 26  3.00E-08  40.1
